# Physical data
T0 = 298
D = 2.5e-5
Q/cp = 43000
nu = 4

# Initial guess for optimization
A = 175856605.2
E/R = 28090.43838
alpha = -0.1942796549
beta = 0.7895020112
n = 0.1073498682

# Initial value of lambda
lambda = 0.8
# Number of previous iterations
iterations = 0

# Number of steps of the gradient descent method
steps = 1000