# Bosschaart

T0 = 298
D = 2.5e-005
nu = 4

A = 3416200878
E/R = 29362.69397
alpha = 0.4620404963
beta = 0.823433215
n = 0.571285807

lambda = 0.8
iterations = 36797

steps = 10000