# Wu et al.

T0 = 298
D = 2.5e-005
nu = 4

A = 494825952.6
E/R = 26001.70357
alpha = 0.1398415398
beta = 0.5295799265
n = 0.2566791095

lambda = 7.105427358e-016
prev_iterations = 5000

steps = 5000