# Hassen et al.

T0 = 298
D = 2.5e-005
nu = 3.428

A = 241557061.9
E/R = 24221.62079
alpha = 0.110568277
beta = 0.243307137
n = 0.126230023

lambda = 7.105427358e-016
prev_iterations = 14215

steps = 0