# Jomass et al.

T0 = 298
D = 2.5e-005
nu = 3.428

A = 33673620.61
E/R = 17005.05608
alpha = 0.05196224859
beta = 0.02166191435
n = -0.225733887

lambda = 0.4
prev_iterations = 36267

steps = 10000