T0 = 298
D = 2.5e-005
nu = 4

A = 2430912938 .. 2613549781
E/R = 32461.8909 .. 33319.71934
alpha = 0.2743452412 .. 0.277367488
beta = 0.7375568057 .. 0.7377061159
n = 0.6474451048 .. 0.6642741195

A_num = 1
E/R_num = 1 
alpha_num = 1
beta_num = 1
n_num = 1
