# Vagelopoulos, 1994

T0 = 298
D = 2.5e-005
nu = 3.63

A = 1027462353
E/R = 23998.26741
alpha = 0.4129857086
beta = 0.8685949639
n = 0.3508897822

lambda = 0.8
iterations = 33941

steps = 0